<?xml version="1.0" encoding="utf-8"?><svg xmlns="http://www.w3.org/2000/svg" xmlns:xlink="http://www.w3.org/1999/xlink" width="2560" height="1361" preserveAspectRatio="xMidYMid" viewBox="0 0 2560 1361" style="z-index:1;margin-right:-2px;display:block;background-repeat-y:initial;background-repeat-x:initial;background-color:rgb(25, 29, 58);animation-play-state:paused" ><g transform="translate(1280,680.5) scale(1,1) translate(-1280,-680.5)" style="transform:matrix(1, 0, 0, 1, 0, 0);animation-play-state:paused" ><style type="text/css" style="animation-play-state:paused" >@keyframes ld-fall {
    0% { transform: translate(0,0px) rotate3d(1,1,1,0deg); }
    100% { transform: translate(0,1361px) rotate3d(1,1,1,1080deg) ; }
  }
  .ld.ld-fall {
    animation: ld-fall 4s linear infinite;
    animation: ld-fall 1s linear infinite;
  }</style>

  
<g transform="translate(0 1004.0576235032107)" style="transform:matrix(1, 0, 0, 1, 0, 1004.06);animation-play-state:paused" ><g transform="translate(1359.0496918170709 0)" style="transform:matrix(1, 0, 0, 1, 1359.05, 0);animation-play-state:paused" ><g class="ld ld-fall" style="transform:matrix(1, 0, 0, 1, 0, 0);animation-play-state:paused;animation-duration:4s" ><rect x="-5.767648017452264" y="-5.671355590745883" width="11.535296034904528" height="11.342711181491765" fill="#93dbe9" style="transform:matrix(1.95773, 0, 0, 1.95773, 0, 0);animation-play-state:paused" ></rect></g></g>
<g transform="translate(586.0494994554602 0)" style="transform:matrix(1, 0, 0, 1, 586.049, 0);animation-play-state:paused" ><g class="ld ld-fall" style="transform:matrix3d(-0.331376, 0.621474, 0.709901, 0, 0.709901, -0.331376, 0.621474, 0, 0.621474, 0.709901, -0.331376, 0, 0, 1139.7, 0, 1);animation-play-state:paused;animation-duration:4s;animation-delay:-3.3496s" ><rect x="-3.733804952043405" y="-5.424093483060139" width="7.46760990408681" height="10.848186966120277" fill="#191d3a" style="transform:matrix(2.3951, 0, 0, 2.3951, 0, 0);animation-play-state:paused" ></rect></g></g>
<g transform="translate(1749.4319269657979 0)" style="transform:matrix(1, 0, 0, 1, 1749.43, 0);animation-play-state:paused" ><g class="ld ld-fall" style="transform:matrix3d(0.0465938, -0.0445153, 0.997922, 0, 0.997922, 0.0465938, -0.0445153, 0, -0.0445153, 0.997922, 0.0465938, 0, 0, 308.147, 0, 1);animation-play-state:paused;animation-duration:4s;animation-delay:-0.90565s" ><rect x="-5.250786208490467" y="-4.670420505416434" width="10.501572416980935" height="9.340841010832868" fill="#d9dbee" style="transform:matrix(1.81295, 0, 0, 1.81295, 0, 0);animation-play-state:paused" ></rect></g></g>
<g transform="translate(2307.139823481486 0)" style="transform:matrix(1, 0, 0, 1, 2307.14, 0);animation-play-state:paused" ><g class="ld ld-fall" style="transform:matrix3d(0.963327, 0.207185, -0.170513, 0, -0.170513, 0.963327, 0.207185, 0, 0.207185, -0.170513, 0.963327, 0, 0, 931.394, 0, 1);animation-play-state:paused;animation-duration:2s;animation-delay:-1.36869s" ><rect x="-4.33781625065088" y="-4.800181435231819" width="8.67563250130176" height="9.600362870463638" fill="#d9dbee" style="transform:matrix(2.85866, 0, 0, 2.85866, 0, 0);animation-play-state:paused" ></rect></g></g>
<g transform="translate(786.5493336848465 0)" style="transform:matrix(1, 0, 0, 1, 786.549, 0);animation-play-state:paused" ><g class="ld ld-fall" style="transform:matrix3d(-0.215184, 0.935738, 0.279446, 0, 0.279446, -0.215184, 0.935738, 0, 0.935738, 0.279446, -0.215184, 0, 0, 183.185, 0, 1);animation-play-state:paused;animation-duration:4s;animation-delay:-0.538384s" ><rect x="-4.8563404238919965" y="-3.320337428019335" width="9.712680847783993" height="6.64067485603867" fill="#191d3a" style="transform:matrix(2.15474, 0, 0, 2.15474, 0, 0);animation-play-state:paused" ></rect></g></g>
<g transform="translate(2233.5503393438858 0)" style="transform:matrix(1, 0, 0, 1, 2233.55, 0);animation-play-state:paused" ><g class="ld ld-fall" style="transform:matrix3d(-0.224621, 0.928298, 0.296323, 0, 0.296323, -0.224621, 0.928298, 0, 0.928298, 0.296323, -0.224621, 0, 0, 638.684, 0, 1);animation-play-state:paused;animation-duration:2s;animation-delay:-0.938551s" ><rect x="-4.432267305474471" y="-4.681512226244727" width="8.864534610948942" height="9.363024452489453" fill="#b3b7e2" style="transform:matrix(2.93361, 0, 0, 2.93361, 0, 0);animation-play-state:paused" ></rect></g></g>
<g transform="translate(778.4575631270866 0)" style="transform:matrix(1, 0, 0, 1, 778.458, 0);animation-play-state:paused" ><g class="ld ld-fall" style="transform:matrix3d(0.66588, -0.333333, 0.667453, 0, 0.667453, 0.66588, -0.333333, 0, -0.333333, 0.667453, 0.66588, 0, 0, 377.957, 0, 1);animation-play-state:paused;animation-duration:2s;animation-delay:-0.555411s" ><rect x="-5.824470749768079" y="-5.3639506549750395" width="11.648941499536159" height="10.727901309950079" fill="#93dbe9" style="transform:matrix(1.51836, 0, 0, 1.51836, 0, 0);animation-play-state:paused" ></rect></g></g>
<g transform="translate(152.49582973595977 0)" style="transform:matrix(1, 0, 0, 1, 152.496, 0);animation-play-state:paused" ><g class="ld ld-fall" style="transform:matrix3d(0.540689, 0.778369, -0.319058, 0, -0.319058, 0.540689, 0.778369, 0, 0.778369, -0.319058, 0.540689, 0, 0, 544.247, 0, 1);animation-play-state:paused;animation-duration:4s;animation-delay:-1.59955s" ><rect x="-5.503091342221428" y="-5.092328693024836" width="11.006182684442855" height="10.184657386049672" fill="#689cc5" style="transform:matrix(3.23766, 0, 0, 3.23766, 0, 0);animation-play-state:paused" ></rect></g></g>
<g transform="translate(2110.6977354836554 0)" style="transform:matrix(1, 0, 0, 1, 2110.7, 0);animation-play-state:paused" ><g class="ld ld-fall" style="transform:matrix3d(-0.0315783, 0.0326091, 0.998969, 0, 0.998969, -0.0315783, 0.0326091, 0, 0.0326091, 0.998969, -0.0315783, 0, 0, 752.095, 0, 1);animation-play-state:paused;animation-duration:2s;animation-delay:-1.10521s" ><rect x="-4.809886822240269" y="-5.938742081638365" width="9.619773644480539" height="11.87748416327673" fill="#93dbe9" style="transform:matrix(1.97815, 0, 0, 1.97815, 0, 0);animation-play-state:paused" ></rect></g></g>
<g transform="translate(1136.6098334762778 0)" style="transform:matrix(1, 0, 0, 1, 1136.61, 0);animation-play-state:paused" ><g class="ld ld-fall" style="transform:matrix3d(0.260171, 0.943778, -0.203948, 0, -0.203948, 0.260171, 0.943778, 0, 0.943778, -0.203948, 0.260171, 0, 0, 575.023, 0, 1);animation-play-state:paused;animation-duration:2s;animation-delay:-0.845001s" ><rect x="-5.390098335226537" y="-3.031317167472417" width="10.780196670453075" height="6.062634334944834" fill="#5e6fa3" style="transform:matrix(1.90032, 0, 0, 1.90032, 0, 0);animation-play-state:paused" ></rect></g></g>
<g transform="translate(241.7093324720662 0)" style="transform:matrix(1, 0, 0, 1, 241.709, 0);animation-play-state:paused" ><g class="ld ld-fall" style="transform:matrix3d(0.605718, 0.724102, -0.32982, 0, -0.32982, 0.605718, 0.724102, 0, 0.724102, -0.32982, 0.605718, 0, 0, 536.693, 0, 1);animation-play-state:paused;animation-duration:4s;animation-delay:-1.57735s" ><rect x="-5.079701086967118" y="-3.546018919560029" width="10.159402173934236" height="7.092037839120058" fill="#93dbe9" style="transform:matrix(1.63567, 0, 0, 1.63567, 0, 0);animation-play-state:paused" ></rect></g></g>
<g transform="translate(492.5181622310686 0)" style="transform:matrix(1, 0, 0, 1, 492.518, 0);animation-play-state:paused" ><g class="ld ld-fall" style="transform:matrix3d(0.87914, 0.391949, -0.271089, 0, -0.271089, 0.87914, 0.391949, 0, 0.391949, -0.271089, 0.87914, 0, 0, 951.496, 0, 1);animation-play-state:paused;animation-duration:4s;animation-delay:-2.79646s" ><rect x="-3.5085081949812142" y="-5.460711870622772" width="7.0170163899624285" height="10.921423741245544" fill="#b3b7e2" style="transform:matrix(3.01259, 0, 0, 3.01259, 0, 0);animation-play-state:paused" ></rect></g></g>
<g transform="translate(1811.3319965114795 0)" style="transform:matrix(1, 0, 0, 1, 1811.33, 0);animation-play-state:paused" ><g class="ld ld-fall" style="transform:matrix3d(0.817387, -0.305685, 0.488298, 0, 0.488298, 0.817387, -0.305685, 0, -0.305685, 0.488298, 0.817387, 0, 0, 398.923, 0, 1);animation-play-state:paused;animation-duration:2s;animation-delay:-2.58622s" ><rect x="-4.606514722950778" y="-3.594152311390076" width="9.213029445901556" height="7.188304622780152" fill="#191d3a" style="transform:matrix(2.23506, 0, 0, 2.23506, 0, 0);animation-play-state:paused" ></rect></g></g>
<g transform="translate(996.2914207592672 0)" style="transform:matrix(1, 0, 0, 1, 996.291, 0);animation-play-state:paused" ><g class="ld ld-fall" style="transform:matrix3d(-0.302209, 0.825454, 0.476756, 0, 0.476756, -0.302209, 0.825454, 0, 0.825454, 0.476756, -0.302209, 0, 0, 204.684, 0, 1);animation-play-state:paused;animation-duration:2s;animation-delay:-0.300784s" ><rect x="-3.6965122546545137" y="-5.666372868211086" width="7.393024509309027" height="11.332745736422172" fill="#b3b7e2" style="transform:matrix(2.13067, 0, 0, 2.13067, 0, 0);animation-play-state:paused" ></rect></g></g>
<g transform="translate(60.930757309693035 0)" style="transform:matrix(1, 0, 0, 1, 60.9308, 0);animation-play-state:paused" ><g class="ld ld-fall" style="transform:matrix3d(0.599367, 0.729706, -0.329073, 0, -0.329073, 0.599367, 0.729706, 0, 0.729706, -0.329073, 0.599367, 0, 0, 537.445, 0, 1);animation-play-state:paused;animation-duration:4s;animation-delay:-1.57956s" ><rect x="-3.1136337057233243" y="-5.175365703074576" width="6.227267411446649" height="10.350731406149151" fill="#689cc5" style="transform:matrix(1.72734, 0, 0, 1.72734, 0, 0);animation-play-state:paused" ></rect></g></g>
<g transform="translate(865.0029240193612 0)" style="transform:matrix(1, 0, 0, 1, 865.003, 0);animation-play-state:paused" ><g class="ld ld-fall" style="transform:matrix3d(0.884131, -0.267334, 0.383203, 0, 0.383203, 0.884131, -0.267334, 0, -0.267334, 0.383203, 0.884131, 0, 0, 1317.79, 0, 1);animation-play-state:paused;animation-duration:2s;animation-delay:-1.9365s" ><rect x="-3.936982981008449" y="-3.685343792096427" width="7.873965962016898" height="7.370687584192854" fill="#191d3a" style="transform:matrix(2.59398, 0, 0, 2.59398, 0, 0);animation-play-state:paused" ></rect></g></g>
<g transform="translate(2471.9990453098058 0)" style="transform:matrix(1, 0, 0, 1, 2472, 0);animation-play-state:paused" ><g class="ld ld-fall" style="transform:matrix3d(0.667802, 0.66553, -0.333332, 0, -0.333332, 0.667802, 0.66553, 0, 0.66553, -0.333332, 0.667802, 0, 0, 529.136, 0, 1);animation-play-state:paused;animation-duration:2s;animation-delay:-0.777569s" ><rect x="-4.787821468126836" y="-5.2876807843808304" width="9.575642936253672" height="10.575361568761661" fill="#689cc5" style="transform:matrix(3.46046, 0, 0, 3.46046, 0, 0);animation-play-state:paused" ></rect></g></g>
<g transform="translate(1492.2105717650766 0)" style="transform:matrix(1, 0, 0, 1, 1492.21, 0);animation-play-state:paused" ><g class="ld ld-fall" style="transform:matrix3d(0.0886376, 0.992735, -0.0813722, 0, -0.0813722, 0.0886376, 0.992735, 0, 0.992735, -0.0813722, 0.0886376, 0, 0, 594.219, 0, 1);animation-play-state:paused;animation-duration:4s;animation-delay:-1.74642s" ><rect x="-4.7731620016192124" y="-4.641896825442826" width="9.546324003238425" height="9.283793650885652" fill="#93dbe9" style="transform:matrix(2.45372, 0, 0, 2.45372, 0, 0);animation-play-state:paused" ></rect></g></g>
<g transform="translate(545.5761097964131 0)" style="transform:matrix(1, 0, 0, 1, 545.576, 0);animation-play-state:paused" ><g class="ld ld-fall" style="transform:matrix3d(-0.329652, 0.725413, 0.604239, 0, 0.604239, -0.329652, 0.725413, 0, 0.725413, 0.604239, -0.329652, 0, 0, 672.909, 0, 1);animation-play-state:paused;animation-duration:2s;animation-delay:-0.988845s" ><rect x="-3.769560280315546" y="-5.9581422632288366" width="7.539120560631092" height="11.916284526457673" fill="#93dbe9" style="transform:matrix(3.24851, 0, 0, 3.24851, 0, 0);animation-play-state:paused" ></rect></g></g>
<g transform="translate(61.82198831377377 0)" style="transform:matrix(1, 0, 0, 1, 61.822, 0);animation-play-state:paused" ><g class="ld ld-fall" style="transform:matrix3d(-0.120156, 0.136883, 0.983273, 0, 0.983273, -0.120156, 0.136883, 0, 0.136883, 0.983273, -0.120156, 0, 0, 286.236, 0, 1);animation-play-state:paused;animation-duration:2s;animation-delay:-0.420626s" ><rect x="-4.980089720868368" y="-5.87348014975458" width="9.960179441736736" height="11.74696029950916" fill="#3b4368" style="transform:matrix(1.57948, 0, 0, 1.57948, 0, 0);animation-play-state:paused" ></rect></g></g>
<g transform="translate(889.2212601402974 0)" style="transform:matrix(1, 0, 0, 1, 889.221, 0);animation-play-state:paused" ><g class="ld ld-fall" style="transform:matrix3d(0.817337, 0.48837, -0.305706, 0, -0.305706, 0.817337, 0.48837, 0, 0.48837, -0.305706, 0.817337, 0, 0, 508.419, 0, 1);animation-play-state:paused;animation-duration:4s;animation-delay:-1.49425s" ><rect x="-3.0418814097043256" y="-4.27306575598608" width="6.083762819408651" height="8.54613151197216" fill="#191d3a" style="transform:matrix(2.48471, 0, 0, 2.48471, 0, 0);animation-play-state:paused" ></rect></g></g>
<g transform="translate(888.4228635552898 0)" style="transform:matrix(1, 0, 0, 1, 888.423, 0);animation-play-state:paused" ><g class="ld ld-fall" style="transform:matrix3d(0.264309, 0.942093, -0.206402, 0, -0.206402, 0.264309, 0.942093, 0, 0.942093, -0.206402, 0.264309, 0, 0, 120.906, 0, 1);animation-play-state:paused;animation-duration:4s;animation-delay:-0.355344s" ><rect x="-4.273276912526319" y="-4.887447849234977" width="8.546553825052637" height="9.774895698469955" fill="#d9dbee" style="transform:matrix(3.07539, 0, 0, 3.07539, 0, 0);animation-play-state:paused" ></rect></g></g>
<g transform="translate(1433.0104131983971 0)" style="transform:matrix(1, 0, 0, 1, 1433.01, 0);animation-play-state:paused" ><g class="ld ld-fall" style="transform:matrix3d(-0.322259, 0.765927, 0.556332, 0, 0.556332, -0.322259, 0.765927, 0, 0.765927, 0.556332, -0.322259, 0, 0, 1120.99, 0, 1);animation-play-state:paused;animation-duration:4s;animation-delay:-3.2946s" ><rect x="-5.543565629028825" y="-4.227139985228993" width="11.08713125805765" height="8.454279970457986" fill="#5e6fa3" style="transform:matrix(2.86522, 0, 0, 2.86522, 0, 0);animation-play-state:paused" ></rect></g></g>
<g transform="translate(1386.752953570666 0)" style="transform:matrix(1, 0, 0, 1, 1386.75, 0);animation-play-state:paused" ><g class="ld ld-fall" style="transform:matrix3d(0.997551, 0.0506623, -0.0482137, 0, -0.0482137, 0.997551, 0.0506623, 0, 0.0506623, -0.0482137, 0.997551, 0, 0, 913.524, 0, 1);animation-play-state:paused;animation-duration:2s;animation-delay:-3.34243s" ><rect x="-3.4349695704438403" y="-5.019963456759432" width="6.869939140887681" height="10.039926913518864" fill="#3b4368" style="transform:matrix(2.54497, 0, 0, 2.54497, 0, 0);animation-play-state:paused" ></rect></g></g>
<g transform="translate(780.8301166725244 0)" style="transform:matrix(1, 0, 0, 1, 780.83, 0);animation-play-state:paused" ><g class="ld ld-fall" style="transform:matrix3d(-0.0333162, 0.0344658, 0.99885, 0, 0.99885, -0.0333162, 0.0344658, 0, 0.0344658, 0.99885, -0.0333162, 0, 0, 298.204, 0, 1);animation-play-state:paused;animation-duration:4s;animation-delay:-0.876425s" ><rect x="-4.598455481259058" y="-3.774747299007587" width="9.196910962518116" height="7.549494598015174" fill="#3b4368" style="transform:matrix(3.27579, 0, 0, 3.27579, 0, 0);animation-play-state:paused" ></rect></g></g></g>

  
<g transform="translate(0 -356.9423764967893)" style="transform:matrix(1, 0, 0, 1, 0, -356.942);animation-play-state:paused" ><g transform="translate(1359.0496918170709 0)" style="transform:matrix(1, 0, 0, 1, 1359.05, 0);animation-play-state:paused" ><g class="ld ld-fall" style="transform:matrix(1, 0, 0, 1, 0, 0);animation-play-state:paused;animation-duration:4s" ><rect x="-5.767648017452264" y="-5.671355590745883" width="11.535296034904528" height="11.342711181491765" fill="#93dbe9" style="transform:matrix(1.95773, 0, 0, 1.95773, 0, 0);animation-play-state:paused" ></rect></g></g>
<g transform="translate(586.0494994554602 0)" style="transform:matrix(1, 0, 0, 1, 586.049, 0);animation-play-state:paused" ><g class="ld ld-fall" style="transform:matrix3d(-0.331376, 0.621474, 0.709901, 0, 0.709901, -0.331376, 0.621474, 0, 0.621474, 0.709901, -0.331376, 0, 0, 1139.7, 0, 1);animation-play-state:paused;animation-duration:4s;animation-delay:-3.3496s" ><rect x="-3.733804952043405" y="-5.424093483060139" width="7.46760990408681" height="10.848186966120277" fill="#191d3a" style="transform:matrix(2.3951, 0, 0, 2.3951, 0, 0);animation-play-state:paused" ></rect></g></g>
<g transform="translate(1749.4319269657979 0)" style="transform:matrix(1, 0, 0, 1, 1749.43, 0);animation-play-state:paused" ><g class="ld ld-fall" style="transform:matrix3d(0.0465938, -0.0445153, 0.997922, 0, 0.997922, 0.0465938, -0.0445153, 0, -0.0445153, 0.997922, 0.0465938, 0, 0, 308.147, 0, 1);animation-play-state:paused;animation-duration:4s;animation-delay:-0.90565s" ><rect x="-5.250786208490467" y="-4.670420505416434" width="10.501572416980935" height="9.340841010832868" fill="#d9dbee" style="transform:matrix(1.81295, 0, 0, 1.81295, 0, 0);animation-play-state:paused" ></rect></g></g>
<g transform="translate(2307.139823481486 0)" style="transform:matrix(1, 0, 0, 1, 2307.14, 0);animation-play-state:paused" ><g class="ld ld-fall" style="transform:matrix3d(0.963327, 0.207185, -0.170513, 0, -0.170513, 0.963327, 0.207185, 0, 0.207185, -0.170513, 0.963327, 0, 0, 931.394, 0, 1);animation-play-state:paused;animation-duration:2s;animation-delay:-1.36869s" ><rect x="-4.33781625065088" y="-4.800181435231819" width="8.67563250130176" height="9.600362870463638" fill="#d9dbee" style="transform:matrix(2.85866, 0, 0, 2.85866, 0, 0);animation-play-state:paused" ></rect></g></g>
<g transform="translate(786.5493336848465 0)" style="transform:matrix(1, 0, 0, 1, 786.549, 0);animation-play-state:paused" ><g class="ld ld-fall" style="transform:matrix3d(-0.215184, 0.935738, 0.279446, 0, 0.279446, -0.215184, 0.935738, 0, 0.935738, 0.279446, -0.215184, 0, 0, 183.185, 0, 1);animation-play-state:paused;animation-duration:4s;animation-delay:-0.538384s" ><rect x="-4.8563404238919965" y="-3.320337428019335" width="9.712680847783993" height="6.64067485603867" fill="#191d3a" style="transform:matrix(2.15474, 0, 0, 2.15474, 0, 0);animation-play-state:paused" ></rect></g></g>
<g transform="translate(2233.5503393438858 0)" style="transform:matrix(1, 0, 0, 1, 2233.55, 0);animation-play-state:paused" ><g class="ld ld-fall" style="transform:matrix3d(-0.224621, 0.928298, 0.296323, 0, 0.296323, -0.224621, 0.928298, 0, 0.928298, 0.296323, -0.224621, 0, 0, 638.684, 0, 1);animation-play-state:paused;animation-duration:2s;animation-delay:-0.938551s" ><rect x="-4.432267305474471" y="-4.681512226244727" width="8.864534610948942" height="9.363024452489453" fill="#b3b7e2" style="transform:matrix(2.93361, 0, 0, 2.93361, 0, 0);animation-play-state:paused" ></rect></g></g>
<g transform="translate(778.4575631270866 0)" style="transform:matrix(1, 0, 0, 1, 778.458, 0);animation-play-state:paused" ><g class="ld ld-fall" style="transform:matrix3d(0.66588, -0.333333, 0.667453, 0, 0.667453, 0.66588, -0.333333, 0, -0.333333, 0.667453, 0.66588, 0, 0, 377.957, 0, 1);animation-play-state:paused;animation-duration:2s;animation-delay:-0.555411s" ><rect x="-5.824470749768079" y="-5.3639506549750395" width="11.648941499536159" height="10.727901309950079" fill="#93dbe9" style="transform:matrix(1.51836, 0, 0, 1.51836, 0, 0);animation-play-state:paused" ></rect></g></g>
<g transform="translate(152.49582973595977 0)" style="transform:matrix(1, 0, 0, 1, 152.496, 0);animation-play-state:paused" ><g class="ld ld-fall" style="transform:matrix3d(0.540689, 0.778369, -0.319058, 0, -0.319058, 0.540689, 0.778369, 0, 0.778369, -0.319058, 0.540689, 0, 0, 544.247, 0, 1);animation-play-state:paused;animation-duration:4s;animation-delay:-1.59955s" ><rect x="-5.503091342221428" y="-5.092328693024836" width="11.006182684442855" height="10.184657386049672" fill="#689cc5" style="transform:matrix(3.23766, 0, 0, 3.23766, 0, 0);animation-play-state:paused" ></rect></g></g>
<g transform="translate(2110.6977354836554 0)" style="transform:matrix(1, 0, 0, 1, 2110.7, 0);animation-play-state:paused" ><g class="ld ld-fall" style="transform:matrix3d(-0.0315783, 0.0326091, 0.998969, 0, 0.998969, -0.0315783, 0.0326091, 0, 0.0326091, 0.998969, -0.0315783, 0, 0, 752.095, 0, 1);animation-play-state:paused;animation-duration:2s;animation-delay:-1.10521s" ><rect x="-4.809886822240269" y="-5.938742081638365" width="9.619773644480539" height="11.87748416327673" fill="#93dbe9" style="transform:matrix(1.97815, 0, 0, 1.97815, 0, 0);animation-play-state:paused" ></rect></g></g>
<g transform="translate(1136.6098334762778 0)" style="transform:matrix(1, 0, 0, 1, 1136.61, 0);animation-play-state:paused" ><g class="ld ld-fall" style="transform:matrix3d(0.260171, 0.943778, -0.203948, 0, -0.203948, 0.260171, 0.943778, 0, 0.943778, -0.203948, 0.260171, 0, 0, 575.023, 0, 1);animation-play-state:paused;animation-duration:2s;animation-delay:-0.845001s" ><rect x="-5.390098335226537" y="-3.031317167472417" width="10.780196670453075" height="6.062634334944834" fill="#5e6fa3" style="transform:matrix(1.90032, 0, 0, 1.90032, 0, 0);animation-play-state:paused" ></rect></g></g>
<g transform="translate(241.7093324720662 0)" style="transform:matrix(1, 0, 0, 1, 241.709, 0);animation-play-state:paused" ><g class="ld ld-fall" style="transform:matrix3d(0.605718, 0.724102, -0.32982, 0, -0.32982, 0.605718, 0.724102, 0, 0.724102, -0.32982, 0.605718, 0, 0, 536.693, 0, 1);animation-play-state:paused;animation-duration:4s;animation-delay:-1.57735s" ><rect x="-5.079701086967118" y="-3.546018919560029" width="10.159402173934236" height="7.092037839120058" fill="#93dbe9" style="transform:matrix(1.63567, 0, 0, 1.63567, 0, 0);animation-play-state:paused" ></rect></g></g>
<g transform="translate(492.5181622310686 0)" style="transform:matrix(1, 0, 0, 1, 492.518, 0);animation-play-state:paused" ><g class="ld ld-fall" style="transform:matrix3d(0.87914, 0.391949, -0.271089, 0, -0.271089, 0.87914, 0.391949, 0, 0.391949, -0.271089, 0.87914, 0, 0, 951.496, 0, 1);animation-play-state:paused;animation-duration:4s;animation-delay:-2.79646s" ><rect x="-3.5085081949812142" y="-5.460711870622772" width="7.0170163899624285" height="10.921423741245544" fill="#b3b7e2" style="transform:matrix(3.01259, 0, 0, 3.01259, 0, 0);animation-play-state:paused" ></rect></g></g>
<g transform="translate(1811.3319965114795 0)" style="transform:matrix(1, 0, 0, 1, 1811.33, 0);animation-play-state:paused" ><g class="ld ld-fall" style="transform:matrix3d(0.817387, -0.305685, 0.488298, 0, 0.488298, 0.817387, -0.305685, 0, -0.305685, 0.488298, 0.817387, 0, 0, 398.923, 0, 1);animation-play-state:paused;animation-duration:2s;animation-delay:-2.58622s" ><rect x="-4.606514722950778" y="-3.594152311390076" width="9.213029445901556" height="7.188304622780152" fill="#191d3a" style="transform:matrix(2.23506, 0, 0, 2.23506, 0, 0);animation-play-state:paused" ></rect></g></g>
<g transform="translate(996.2914207592672 0)" style="transform:matrix(1, 0, 0, 1, 996.291, 0);animation-play-state:paused" ><g class="ld ld-fall" style="transform:matrix3d(-0.302209, 0.825454, 0.476756, 0, 0.476756, -0.302209, 0.825454, 0, 0.825454, 0.476756, -0.302209, 0, 0, 204.684, 0, 1);animation-play-state:paused;animation-duration:2s;animation-delay:-0.300784s" ><rect x="-3.6965122546545137" y="-5.666372868211086" width="7.393024509309027" height="11.332745736422172" fill="#b3b7e2" style="transform:matrix(2.13067, 0, 0, 2.13067, 0, 0);animation-play-state:paused" ></rect></g></g>
<g transform="translate(60.930757309693035 0)" style="transform:matrix(1, 0, 0, 1, 60.9308, 0);animation-play-state:paused" ><g class="ld ld-fall" style="transform:matrix3d(0.599367, 0.729706, -0.329073, 0, -0.329073, 0.599367, 0.729706, 0, 0.729706, -0.329073, 0.599367, 0, 0, 537.445, 0, 1);animation-play-state:paused;animation-duration:4s;animation-delay:-1.57956s" ><rect x="-3.1136337057233243" y="-5.175365703074576" width="6.227267411446649" height="10.350731406149151" fill="#689cc5" style="transform:matrix(1.72734, 0, 0, 1.72734, 0, 0);animation-play-state:paused" ></rect></g></g>
<g transform="translate(865.0029240193612 0)" style="transform:matrix(1, 0, 0, 1, 865.003, 0);animation-play-state:paused" ><g class="ld ld-fall" style="transform:matrix3d(0.884131, -0.267334, 0.383203, 0, 0.383203, 0.884131, -0.267334, 0, -0.267334, 0.383203, 0.884131, 0, 0, 1317.79, 0, 1);animation-play-state:paused;animation-duration:2s;animation-delay:-1.9365s" ><rect x="-3.936982981008449" y="-3.685343792096427" width="7.873965962016898" height="7.370687584192854" fill="#191d3a" style="transform:matrix(2.59398, 0, 0, 2.59398, 0, 0);animation-play-state:paused" ></rect></g></g>
<g transform="translate(2471.9990453098058 0)" style="transform:matrix(1, 0, 0, 1, 2472, 0);animation-play-state:paused" ><g class="ld ld-fall" style="transform:matrix3d(0.667802, 0.66553, -0.333332, 0, -0.333332, 0.667802, 0.66553, 0, 0.66553, -0.333332, 0.667802, 0, 0, 529.136, 0, 1);animation-play-state:paused;animation-duration:2s;animation-delay:-0.777569s" ><rect x="-4.787821468126836" y="-5.2876807843808304" width="9.575642936253672" height="10.575361568761661" fill="#689cc5" style="transform:matrix(3.46046, 0, 0, 3.46046, 0, 0);animation-play-state:paused" ></rect></g></g>
<g transform="translate(1492.2105717650766 0)" style="transform:matrix(1, 0, 0, 1, 1492.21, 0);animation-play-state:paused" ><g class="ld ld-fall" style="transform:matrix3d(0.0886376, 0.992735, -0.0813722, 0, -0.0813722, 0.0886376, 0.992735, 0, 0.992735, -0.0813722, 0.0886376, 0, 0, 594.219, 0, 1);animation-play-state:paused;animation-duration:4s;animation-delay:-1.74642s" ><rect x="-4.7731620016192124" y="-4.641896825442826" width="9.546324003238425" height="9.283793650885652" fill="#93dbe9" style="transform:matrix(2.45372, 0, 0, 2.45372, 0, 0);animation-play-state:paused" ></rect></g></g>
<g transform="translate(545.5761097964131 0)" style="transform:matrix(1, 0, 0, 1, 545.576, 0);animation-play-state:paused" ><g class="ld ld-fall" style="transform:matrix3d(-0.329652, 0.725413, 0.604239, 0, 0.604239, -0.329652, 0.725413, 0, 0.725413, 0.604239, -0.329652, 0, 0, 672.909, 0, 1);animation-play-state:paused;animation-duration:2s;animation-delay:-0.988845s" ><rect x="-3.769560280315546" y="-5.9581422632288366" width="7.539120560631092" height="11.916284526457673" fill="#93dbe9" style="transform:matrix(3.24851, 0, 0, 3.24851, 0, 0);animation-play-state:paused" ></rect></g></g>
<g transform="translate(61.82198831377377 0)" style="transform:matrix(1, 0, 0, 1, 61.822, 0);animation-play-state:paused" ><g class="ld ld-fall" style="transform:matrix3d(-0.120156, 0.136883, 0.983273, 0, 0.983273, -0.120156, 0.136883, 0, 0.136883, 0.983273, -0.120156, 0, 0, 286.236, 0, 1);animation-play-state:paused;animation-duration:2s;animation-delay:-0.420626s" ><rect x="-4.980089720868368" y="-5.87348014975458" width="9.960179441736736" height="11.74696029950916" fill="#3b4368" style="transform:matrix(1.57948, 0, 0, 1.57948, 0, 0);animation-play-state:paused" ></rect></g></g>
<g transform="translate(889.2212601402974 0)" style="transform:matrix(1, 0, 0, 1, 889.221, 0);animation-play-state:paused" ><g class="ld ld-fall" style="transform:matrix3d(0.817337, 0.48837, -0.305706, 0, -0.305706, 0.817337, 0.48837, 0, 0.48837, -0.305706, 0.817337, 0, 0, 508.419, 0, 1);animation-play-state:paused;animation-duration:4s;animation-delay:-1.49425s" ><rect x="-3.0418814097043256" y="-4.27306575598608" width="6.083762819408651" height="8.54613151197216" fill="#191d3a" style="transform:matrix(2.48471, 0, 0, 2.48471, 0, 0);animation-play-state:paused" ></rect></g></g>
<g transform="translate(888.4228635552898 0)" style="transform:matrix(1, 0, 0, 1, 888.423, 0);animation-play-state:paused" ><g class="ld ld-fall" style="transform:matrix3d(0.264309, 0.942093, -0.206402, 0, -0.206402, 0.264309, 0.942093, 0, 0.942093, -0.206402, 0.264309, 0, 0, 120.906, 0, 1);animation-play-state:paused;animation-duration:4s;animation-delay:-0.355344s" ><rect x="-4.273276912526319" y="-4.887447849234977" width="8.546553825052637" height="9.774895698469955" fill="#d9dbee" style="transform:matrix(3.07539, 0, 0, 3.07539, 0, 0);animation-play-state:paused" ></rect></g></g>
<g transform="translate(1433.0104131983971 0)" style="transform:matrix(1, 0, 0, 1, 1433.01, 0);animation-play-state:paused" ><g class="ld ld-fall" style="transform:matrix3d(-0.322259, 0.765927, 0.556332, 0, 0.556332, -0.322259, 0.765927, 0, 0.765927, 0.556332, -0.322259, 0, 0, 1120.99, 0, 1);animation-play-state:paused;animation-duration:4s;animation-delay:-3.2946s" ><rect x="-5.543565629028825" y="-4.227139985228993" width="11.08713125805765" height="8.454279970457986" fill="#5e6fa3" style="transform:matrix(2.86522, 0, 0, 2.86522, 0, 0);animation-play-state:paused" ></rect></g></g>
<g transform="translate(1386.752953570666 0)" style="transform:matrix(1, 0, 0, 1, 1386.75, 0);animation-play-state:paused" ><g class="ld ld-fall" style="transform:matrix3d(0.997551, 0.0506623, -0.0482137, 0, -0.0482137, 0.997551, 0.0506623, 0, 0.0506623, -0.0482137, 0.997551, 0, 0, 913.524, 0, 1);animation-play-state:paused;animation-duration:2s;animation-delay:-3.34243s" ><rect x="-3.4349695704438403" y="-5.019963456759432" width="6.869939140887681" height="10.039926913518864" fill="#3b4368" style="transform:matrix(2.54497, 0, 0, 2.54497, 0, 0);animation-play-state:paused" ></rect></g></g>
<g transform="translate(780.8301166725244 0)" style="transform:matrix(1, 0, 0, 1, 780.83, 0);animation-play-state:paused" ><g class="ld ld-fall" style="transform:matrix3d(-0.0333162, 0.0344658, 0.99885, 0, 0.99885, -0.0333162, 0.0344658, 0, 0.0344658, 0.99885, -0.0333162, 0, 0, 298.204, 0, 1);animation-play-state:paused;animation-duration:4s;animation-delay:-0.876425s" ><rect x="-4.598455481259058" y="-3.774747299007587" width="9.196910962518116" height="7.549494598015174" fill="#3b4368" style="transform:matrix(3.27579, 0, 0, 3.27579, 0, 0);animation-play-state:paused" ></rect></g></g></g></g></svg>