<?xml version="1.0" encoding="utf-8"?><svg xmlns="http://www.w3.org/2000/svg" xmlns:xlink="http://www.w3.org/1999/xlink" width="2560" height="1361" preserveAspectRatio="xMidYMid" viewBox="0 0 2560 1361" style="z-index:1;margin-right:-2px;display:block;background-repeat-y:initial;background-repeat-x:initial;background-color:rgb(241, 242, 243);animation-play-state:paused" ><g transform="translate(1280,680.5) scale(1,1) translate(-1280,-680.5)" style="transform:matrix(1, 0, 0, 1, 0, 0);animation-play-state:paused" ><style type="text/css" style="animation-play-state:paused" >@keyframes ld-fall {
    0% { transform: translate(0,0px) rotate3d(1,1,1,0deg); }
    100% { transform: translate(0,1361px) rotate3d(1,1,1,1080deg) ; }
  }
  .ld.ld-fall {
    animation: ld-fall 4s linear infinite;
    animation: ld-fall 1s linear infinite;
  }</style>

  
<g transform="translate(0 1348.6872795283955)" style="transform:matrix(1, 0, 0, 1, 0, 1348.69);animation-play-state:paused" ><g transform="translate(2386.945019756615 0)" style="transform:matrix(1, 0, 0, 1, 2386.95, 0);animation-play-state:paused" ><g class="ld ld-fall" style="transform:matrix(1, 0, 0, 1, 0, 0);animation-play-state:paused;animation-duration:4s" ><rect x="-5.819294804648414" y="-3.3993739181587896" width="11.638589609296828" height="6.798747836317579" fill="#b3b7e2" style="transform:matrix(2.15135, 0, 0, 2.15135, 0, 0);animation-play-state:paused" ></rect></g></g>
<g transform="translate(1117.5522514157847 0)" style="transform:matrix(1, 0, 0, 1, 1117.55, 0);animation-play-state:paused" ><g class="ld ld-fall" style="transform:matrix3d(0.558745, -0.322719, 0.763974, 0, 0.763974, 0.558745, -0.322719, 0, -0.322719, 0.763974, 0.558745, 0, 0, 1272.49, 0, 1);animation-play-state:paused;animation-duration:2s;animation-delay:-1.86993s" ><rect x="-4.797708326510386" y="-4.865296172786994" width="9.595416653020772" height="9.730592345573989" fill="#5e6fa3" style="transform:matrix(3.2611, 0, 0, 3.2611, 0, 0);animation-play-state:paused" ></rect></g></g>
<g transform="translate(552.9215883565615 0)" style="transform:matrix(1, 0, 0, 1, 552.922, 0);animation-play-state:paused" ><g class="ld ld-fall" style="transform:matrix3d(0.211551, 0.96186, -0.173411, 0, -0.173411, 0.211551, 0.96186, 0, 0.96186, -0.173411, 0.211551, 0, 0, 580.347, 0, 1);animation-play-state:paused;animation-duration:4s;animation-delay:-1.70565s" ><rect x="-3.073538904709779" y="-4.227206448335813" width="6.147077809419558" height="8.454412896671625" fill="#5e6fa3" style="transform:matrix(2.99838, 0, 0, 2.99838, 0, 0);animation-play-state:paused" ></rect></g></g>
<g transform="translate(2332.4042376838293 0)" style="transform:matrix(1, 0, 0, 1, 2332.4, 0);animation-play-state:paused" ><g class="ld ld-fall" style="transform:matrix3d(0.115408, -0.103336, 0.987928, 0, 0.987928, 0.115408, -0.103336, 0, -0.103336, 0.987928, 0.115408, 0, 0, 1223.54, 0, 1);animation-play-state:paused;animation-duration:4s;animation-delay:-3.596s" ><rect x="-3.060662309215763" y="-4.83430853379821" width="6.121324618431526" height="9.66861706759642" fill="#5e6fa3" style="transform:matrix(2.90535, 0, 0, 2.90535, 0, 0);animation-play-state:paused" ></rect></g></g>
<g transform="translate(1474.007041715045 0)" style="transform:matrix(1, 0, 0, 1, 1474.01, 0);animation-play-state:paused" ><g class="ld ld-fall" style="transform:matrix3d(0.950361, -0.193792, 0.24343, 0, 0.24343, 0.950361, -0.193792, 0, -0.193792, 0.24343, 0.950361, 0, 0, 879.294, 0, 1);animation-play-state:paused;animation-duration:2s;animation-delay:-3.29213s" ><rect x="-4.347701907489913" y="-5.524980090402853" width="8.695403814979827" height="11.049960180805707" fill="#93dbe9" style="transform:matrix(2.24842, 0, 0, 2.24842, 0, 0);animation-play-state:paused" ></rect></g></g>
<g transform="translate(840.4743120937587 0)" style="transform:matrix(1, 0, 0, 1, 840.474, 0);animation-play-state:paused" ><g class="ld ld-fall" style="transform:matrix3d(0.994754, -0.0696643, 0.0749105, 0, 0.0749105, 0.994754, -0.0696643, 0, -0.0696643, 0.0749105, 0.994754, 0, 0, 444.603, 0, 1);animation-play-state:paused;animation-duration:2s;animation-delay:-0.653347s" ><rect x="-4.941216369655438" y="-5.677709636877561" width="9.882432739310875" height="11.355419273755121" fill="#d9dbee" style="transform:matrix(3.29162, 0, 0, 3.29162, 0, 0);animation-play-state:paused" ></rect></g></g>
<g transform="translate(1940.0006296823876 0)" style="transform:matrix(1, 0, 0, 1, 1940, 0);animation-play-state:paused" ><g class="ld ld-fall" style="transform:matrix3d(0.989345, 0.108135, -0.0974808, 0, -0.0974808, 0.989345, 0.108135, 0, 0.108135, -0.0974808, 0.989345, 0, 0, 12.9261, 0, 1);animation-play-state:paused;animation-duration:2s;animation-delay:-0.018995s" ><rect x="-5.591439471878509" y="-4.321467257511824" width="11.182878943757018" height="8.642934515023647" fill="#5e6fa3" style="transform:matrix(2.71443, 0, 0, 2.71443, 0, 0);animation-play-state:paused" ></rect></g></g>
<g transform="translate(359.3621932384923 0)" style="transform:matrix(1, 0, 0, 1, 359.362, 0);animation-play-state:paused" ><g class="ld ld-fall" style="transform:matrix3d(0.784219, 0.533167, -0.317386, 0, -0.317386, 0.784219, 0.533167, 0, 0.533167, -0.317386, 0.784219, 0, 0, 967.12, 0, 1);animation-play-state:paused;animation-duration:2s;animation-delay:-1.42119s" ><rect x="-3.9176166456379162" y="-4.059937975959779" width="7.8352332912758325" height="8.119875951919559" fill="#d9dbee" style="transform:matrix(1.51577, 0, 0, 1.51577, 0, 0);animation-play-state:paused" ></rect></g></g>
<g transform="translate(2274.783977513357 0)" style="transform:matrix(1, 0, 0, 1, 2274.78, 0);animation-play-state:paused" ><g class="ld ld-fall" style="transform:matrix3d(-0.22798, 0.925485, 0.302495, 0, 0.302495, -0.22798, 0.925485, 0, 0.925485, 0.302495, -0.22798, 0, 0, 185.687, 0, 1);animation-play-state:paused;animation-duration:2s;animation-delay:-0.272868s" ><rect x="-4.424752175928517" y="-3.3694006785497264" width="8.849504351857034" height="6.738801357099453" fill="#93dbe9" style="transform:matrix(2.68164, 0, 0, 2.68164, 0, 0);animation-play-state:paused" ></rect></g></g>
<g transform="translate(2195.8245794466447 0)" style="transform:matrix(1, 0, 0, 1, 2195.82, 0);animation-play-state:paused" ><g class="ld ld-fall" style="transform:matrix3d(0.285862, 0.932954, -0.218816, 0, -0.218816, 0.285862, 0.932954, 0, 0.932954, -0.218816, 0.285862, 0, 0, 572.229, 0, 1);animation-play-state:paused;animation-duration:4s;animation-delay:-1.68179s" ><rect x="-3.641454881479437" y="-4.726801002529294" width="7.282909762958874" height="9.453602005058588" fill="#d9dbee" style="transform:matrix(3.22656, 0, 0, 3.22656, 0, 0);animation-play-state:paused" ></rect></g></g>
<g transform="translate(507.8561523621954 0)" style="transform:matrix(1, 0, 0, 1, 507.856, 0);animation-play-state:paused" ><g class="ld ld-fall" style="transform:matrix3d(0.974203, 0.171953, -0.146155, 0, -0.146155, 0.974203, 0.171953, 0, 0.171953, -0.146155, 0.974203, 0, 0, 473.819, 0, 1);animation-play-state:paused;animation-duration:4s;animation-delay:-1.39256s" ><rect x="-5.5206192209881495" y="-4.119393918719032" width="11.041238441976299" height="8.238787837438064" fill="#b3b7e2" style="transform:matrix(3.38765, 0, 0, 3.38765, 0, 0);animation-play-state:paused" ></rect></g></g>
<g transform="translate(1481.1846547145944 0)" style="transform:matrix(1, 0, 0, 1, 1481.18, 0);animation-play-state:paused" ><g class="ld ld-fall" style="transform:matrix3d(0.657825, 0.675431, -0.333256, 0, -0.333256, 0.657825, 0.675431, 0, 0.675431, -0.333256, 0.657825, 0, 0, 76.7121, 0, 1);animation-play-state:paused;animation-duration:4s;animation-delay:-0.225458s" ><rect x="-3.649816065898916" y="-3.6966615105023806" width="7.299632131797832" height="7.393323021004761" fill="#3b4368" style="transform:matrix(2.55441, 0, 0, 2.55441, 0, 0);animation-play-state:paused" ></rect></g></g>
<g transform="translate(2362.5971866209184 0)" style="transform:matrix(1, 0, 0, 1, 2362.6, 0);animation-play-state:paused" ><g class="ld ld-fall" style="transform:matrix3d(-0.306804, 0.492152, 0.814652, 0, 0.814652, -0.306804, 0.492152, 0, 0.492152, 0.814652, -0.306804, 0, 0, 1154.6, 0, 1);animation-play-state:paused;animation-duration:4s;animation-delay:-3.3934s" ><rect x="-4.156713734682968" y="-4.176601779430824" width="8.313427469365935" height="8.353203558861647" fill="#689cc5" style="transform:matrix(3.37081, 0, 0, 3.37081, 0, 0);animation-play-state:paused" ></rect></g></g>
<g transform="translate(201.8306442561368 0)" style="transform:matrix(1, 0, 0, 1, 201.831, 0);animation-play-state:paused" ><g class="ld ld-fall" style="transform:matrix3d(-0.326007, 0.748361, 0.577646, 0, 0.577646, -0.326007, 0.748361, 0, 0.748361, 0.577646, -0.326007, 0, 0, 216.119, 0, 1);animation-play-state:paused;animation-duration:4s;animation-delay:-0.635178s" ><rect x="-5.5415618721399245" y="-4.169184703071578" width="11.083123744279849" height="8.338369406143157" fill="#191d3a" style="transform:matrix(3.41412, 0, 0, 3.41412, 0, 0);animation-play-state:paused" ></rect></g></g>
<g transform="translate(1832.8975587820253 0)" style="transform:matrix(1, 0, 0, 1, 1832.9, 0);animation-play-state:paused" ><g class="ld ld-fall" style="transform:matrix3d(0.44496, 0.846719, -0.291679, 0, -0.291679, 0.44496, 0.846719, 0, 0.846719, -0.291679, 0.44496, 0, 0, 1008.6, 0, 1);animation-play-state:paused;animation-duration:2s;animation-delay:-1.48215s" ><rect x="-5.499351865794914" y="-3.1528822933924907" width="10.998703731589828" height="6.305764586784981" fill="#5e6fa3" style="transform:matrix(2.95628, 0, 0, 2.95628, 0, 0);animation-play-state:paused" ></rect></g></g>
<g transform="translate(206.2390746473119 0)" style="transform:matrix(1, 0, 0, 1, 206.239, 0);animation-play-state:paused" ><g class="ld ld-fall" style="transform:matrix3d(0.918172, -0.236225, 0.318053, 0, 0.318053, 0.918172, -0.236225, 0, -0.236225, 0.318053, 0.918172, 0, 0, 871.183, 0, 1);animation-play-state:paused;animation-duration:2s;animation-delay:-1.28021s" ><rect x="-3.969373171005611" y="-4.251115912859075" width="7.938746342011222" height="8.50223182571815" fill="#689cc5" style="transform:matrix(2.63123, 0, 0, 2.63123, 0, 0);animation-play-state:paused" ></rect></g></g>
<g transform="translate(1006.3580623323935 0)" style="transform:matrix(1, 0, 0, 1, 1006.36, 0);animation-play-state:paused" ><g class="ld ld-fall" style="transform:matrix3d(0.193564, 0.967737, -0.161301, 0, -0.161301, 0.193564, 0.967737, 0, 0.967737, -0.161301, 0.193564, 0, 0, 128.668, 0, 1);animation-play-state:paused;animation-duration:2s;animation-delay:-0.189078s" ><rect x="-4.702220980041834" y="-4.170482331040889" width="9.404441960083668" height="8.340964662081777" fill="#93dbe9" style="transform:matrix(1.53902, 0, 0, 1.53902, 0, 0);animation-play-state:paused" ></rect></g></g>
<g transform="translate(1524.697243628636 0)" style="transform:matrix(1, 0, 0, 1, 1524.7, 0);animation-play-state:paused" ><g class="ld ld-fall" style="transform:matrix3d(-0.331553, 0.707946, 0.623607, 0, 0.623607, -0.331553, 0.707946, 0, 0.707946, 0.623607, -0.331553, 0, 0, 1128.89, 0, 1);animation-play-state:paused;animation-duration:2s;animation-delay:-1.65891s" ><rect x="-5.395763440354369" y="-5.461295961337551" width="10.791526880708737" height="10.922591922675101" fill="#3b4368" style="transform:matrix(2.03607, 0, 0, 2.03607, 0, 0);animation-play-state:paused" ></rect></g></g>
<g transform="translate(1589.317593392974 0)" style="transform:matrix(1, 0, 0, 1, 1589.32, 0);animation-play-state:paused" ><g class="ld ld-fall" style="transform:matrix3d(-0.153794, 0.182735, 0.971059, 0, 0.971059, -0.153794, 0.182735, 0, 0.182735, 0.971059, -0.153794, 0, 0, 281.091, 0, 1);animation-play-state:paused;animation-duration:2s;animation-delay:-0.413066s" ><rect x="-4.256184046702346" y="-4.634513581125205" width="8.512368093404692" height="9.26902716225041" fill="#689cc5" style="transform:matrix(1.83582, 0, 0, 1.83582, 0, 0);animation-play-state:paused" ></rect></g></g>
<g transform="translate(231.3413073620336 0)" style="transform:matrix(1, 0, 0, 1, 231.341, 0);animation-play-state:paused" ><g class="ld ld-fall" style="transform:matrix3d(0.957729, 0.223448, -0.181178, 0, -0.181178, 0.957729, 0.223448, 0, 0.223448, -0.181178, 0.957729, 0, 0, 933.183, 0, 1);animation-play-state:paused;animation-duration:2s;animation-delay:-1.37132s" ><rect x="-4.73056771007921" y="-3.7420346044471127" width="9.46113542015842" height="7.484069208894225" fill="#93dbe9" style="transform:matrix(2.18921, 0, 0, 2.18921, 0, 0);animation-play-state:paused" ></rect></g></g>
<g transform="translate(1144.5291336091345 0)" style="transform:matrix(1, 0, 0, 1, 1144.53, 0);animation-play-state:paused" ><g class="ld ld-fall" style="transform:matrix3d(0.435678, 0.852667, -0.288345, 0, -0.288345, 0.435678, 0.852667, 0, 0.852667, -0.288345, 0.435678, 0, 0, 555.955, 0, 1);animation-play-state:paused;animation-duration:4s;animation-delay:-1.63396s" ><rect x="-3.7722716391002713" y="-3.3773602517989447" width="7.544543278200543" height="6.7547205035978894" fill="#5e6fa3" style="transform:matrix(2.91472, 0, 0, 2.91472, 0, 0);animation-play-state:paused" ></rect></g></g>
<g transform="translate(471.13982992979004 0)" style="transform:matrix(1, 0, 0, 1, 471.14, 0);animation-play-state:paused" ><g class="ld ld-fall" style="transform:matrix3d(0.995462, 0.0695166, -0.0649789, 0, -0.0649789, 0.995462, 0.0695166, 0, 0.0695166, -0.0649789, 0.995462, 0, 0, 915.762, 0, 1);animation-play-state:paused;animation-duration:2s;animation-delay:-3.34572s" ><rect x="-3.653883148527136" y="-3.7188022881085123" width="7.307766297054272" height="7.437604576217025" fill="#d9dbee" style="transform:matrix(3.37707, 0, 0, 3.37707, 0, 0);animation-play-state:paused" ></rect></g></g>
<g transform="translate(814.9309392506694 0)" style="transform:matrix(1, 0, 0, 1, 814.931, 0);animation-play-state:paused" ><g class="ld ld-fall" style="transform:matrix3d(0.40331, 0.872506, -0.275816, 0, -0.275816, 0.40331, 0.872506, 0, 0.872506, -0.275816, 0.40331, 0, 0, 105.824, 0, 1);animation-play-state:paused;animation-duration:4s;animation-delay:-0.311018s" ><rect x="-5.135569355613165" y="-3.030881493009216" width="10.27113871122633" height="6.061762986018432" fill="#689cc5" style="transform:matrix(2.56088, 0, 0, 2.56088, 0, 0);animation-play-state:paused" ></rect></g></g>
<g transform="translate(242.10803604459386 0)" style="transform:matrix(1, 0, 0, 1, 242.108, 0);animation-play-state:paused" ><g class="ld ld-fall" style="transform:matrix3d(0.353252, 0.900466, -0.253719, 0, -0.253719, 0.353252, 0.900466, 0, 0.900466, -0.253719, 0.353252, 0, 0, 111.259, 0, 1);animation-play-state:paused;animation-duration:4s;animation-delay:-0.326992s" ><rect x="-3.593448934248726" y="-3.3977656175899327" width="7.186897868497452" height="6.795531235179865" fill="#b3b7e2" style="transform:matrix(2.58496, 0, 0, 2.58496, 0, 0);animation-play-state:paused" ></rect></g></g>
<g transform="translate(2239.752739395806 0)" style="transform:matrix(1, 0, 0, 1, 2239.75, 0);animation-play-state:paused" ><g class="ld ld-fall" style="transform:matrix3d(0.714697, 0.616207, -0.330904, 0, -0.330904, 0.714697, 0.616207, 0, 0.616207, -0.330904, 0.714697, 0, 0, 69.445, 0, 1);animation-play-state:paused;animation-duration:2s;animation-delay:-2.10205s" ><rect x="-5.048312383627605" y="-5.09411247332017" width="10.09662476725521" height="10.18822494664034" fill="#93dbe9" style="transform:matrix(1.58674, 0, 0, 1.58674, 0, 0);animation-play-state:paused" ></rect></g></g></g>

  
<g transform="translate(0 -12.312720471604507)" style="transform:matrix(1, 0, 0, 1, 0, -12.3127);animation-play-state:paused" ><g transform="translate(2386.945019756615 0)" style="transform:matrix(1, 0, 0, 1, 2386.95, 0);animation-play-state:paused" ><g class="ld ld-fall" style="transform:matrix(1, 0, 0, 1, 0, 0);animation-play-state:paused;animation-duration:4s" ><rect x="-5.819294804648414" y="-3.3993739181587896" width="11.638589609296828" height="6.798747836317579" fill="#b3b7e2" style="transform:matrix(2.15135, 0, 0, 2.15135, 0, 0);animation-play-state:paused" ></rect></g></g>
<g transform="translate(1117.5522514157847 0)" style="transform:matrix(1, 0, 0, 1, 1117.55, 0);animation-play-state:paused" ><g class="ld ld-fall" style="transform:matrix3d(0.558745, -0.322719, 0.763974, 0, 0.763974, 0.558745, -0.322719, 0, -0.322719, 0.763974, 0.558745, 0, 0, 1272.49, 0, 1);animation-play-state:paused;animation-duration:2s;animation-delay:-1.86993s" ><rect x="-4.797708326510386" y="-4.865296172786994" width="9.595416653020772" height="9.730592345573989" fill="#5e6fa3" style="transform:matrix(3.2611, 0, 0, 3.2611, 0, 0);animation-play-state:paused" ></rect></g></g>
<g transform="translate(552.9215883565615 0)" style="transform:matrix(1, 0, 0, 1, 552.922, 0);animation-play-state:paused" ><g class="ld ld-fall" style="transform:matrix3d(0.211551, 0.96186, -0.173411, 0, -0.173411, 0.211551, 0.96186, 0, 0.96186, -0.173411, 0.211551, 0, 0, 580.347, 0, 1);animation-play-state:paused;animation-duration:4s;animation-delay:-1.70565s" ><rect x="-3.073538904709779" y="-4.227206448335813" width="6.147077809419558" height="8.454412896671625" fill="#5e6fa3" style="transform:matrix(2.99838, 0, 0, 2.99838, 0, 0);animation-play-state:paused" ></rect></g></g>
<g transform="translate(2332.4042376838293 0)" style="transform:matrix(1, 0, 0, 1, 2332.4, 0);animation-play-state:paused" ><g class="ld ld-fall" style="transform:matrix3d(0.115408, -0.103336, 0.987928, 0, 0.987928, 0.115408, -0.103336, 0, -0.103336, 0.987928, 0.115408, 0, 0, 1223.54, 0, 1);animation-play-state:paused;animation-duration:4s;animation-delay:-3.596s" ><rect x="-3.060662309215763" y="-4.83430853379821" width="6.121324618431526" height="9.66861706759642" fill="#5e6fa3" style="transform:matrix(2.90535, 0, 0, 2.90535, 0, 0);animation-play-state:paused" ></rect></g></g>
<g transform="translate(1474.007041715045 0)" style="transform:matrix(1, 0, 0, 1, 1474.01, 0);animation-play-state:paused" ><g class="ld ld-fall" style="transform:matrix3d(0.950361, -0.193792, 0.24343, 0, 0.24343, 0.950361, -0.193792, 0, -0.193792, 0.24343, 0.950361, 0, 0, 879.294, 0, 1);animation-play-state:paused;animation-duration:2s;animation-delay:-3.29213s" ><rect x="-4.347701907489913" y="-5.524980090402853" width="8.695403814979827" height="11.049960180805707" fill="#93dbe9" style="transform:matrix(2.24842, 0, 0, 2.24842, 0, 0);animation-play-state:paused" ></rect></g></g>
<g transform="translate(840.4743120937587 0)" style="transform:matrix(1, 0, 0, 1, 840.474, 0);animation-play-state:paused" ><g class="ld ld-fall" style="transform:matrix3d(0.994754, -0.0696643, 0.0749105, 0, 0.0749105, 0.994754, -0.0696643, 0, -0.0696643, 0.0749105, 0.994754, 0, 0, 444.603, 0, 1);animation-play-state:paused;animation-duration:2s;animation-delay:-0.653347s" ><rect x="-4.941216369655438" y="-5.677709636877561" width="9.882432739310875" height="11.355419273755121" fill="#d9dbee" style="transform:matrix(3.29162, 0, 0, 3.29162, 0, 0);animation-play-state:paused" ></rect></g></g>
<g transform="translate(1940.0006296823876 0)" style="transform:matrix(1, 0, 0, 1, 1940, 0);animation-play-state:paused" ><g class="ld ld-fall" style="transform:matrix3d(0.989345, 0.108135, -0.0974808, 0, -0.0974808, 0.989345, 0.108135, 0, 0.108135, -0.0974808, 0.989345, 0, 0, 12.9261, 0, 1);animation-play-state:paused;animation-duration:2s;animation-delay:-0.018995s" ><rect x="-5.591439471878509" y="-4.321467257511824" width="11.182878943757018" height="8.642934515023647" fill="#5e6fa3" style="transform:matrix(2.71443, 0, 0, 2.71443, 0, 0);animation-play-state:paused" ></rect></g></g>
<g transform="translate(359.3621932384923 0)" style="transform:matrix(1, 0, 0, 1, 359.362, 0);animation-play-state:paused" ><g class="ld ld-fall" style="transform:matrix3d(0.784219, 0.533167, -0.317386, 0, -0.317386, 0.784219, 0.533167, 0, 0.533167, -0.317386, 0.784219, 0, 0, 967.12, 0, 1);animation-play-state:paused;animation-duration:2s;animation-delay:-1.42119s" ><rect x="-3.9176166456379162" y="-4.059937975959779" width="7.8352332912758325" height="8.119875951919559" fill="#d9dbee" style="transform:matrix(1.51577, 0, 0, 1.51577, 0, 0);animation-play-state:paused" ></rect></g></g>
<g transform="translate(2274.783977513357 0)" style="transform:matrix(1, 0, 0, 1, 2274.78, 0);animation-play-state:paused" ><g class="ld ld-fall" style="transform:matrix3d(-0.22798, 0.925485, 0.302495, 0, 0.302495, -0.22798, 0.925485, 0, 0.925485, 0.302495, -0.22798, 0, 0, 185.687, 0, 1);animation-play-state:paused;animation-duration:2s;animation-delay:-0.272868s" ><rect x="-4.424752175928517" y="-3.3694006785497264" width="8.849504351857034" height="6.738801357099453" fill="#93dbe9" style="transform:matrix(2.68164, 0, 0, 2.68164, 0, 0);animation-play-state:paused" ></rect></g></g>
<g transform="translate(2195.8245794466447 0)" style="transform:matrix(1, 0, 0, 1, 2195.82, 0);animation-play-state:paused" ><g class="ld ld-fall" style="transform:matrix3d(0.285862, 0.932954, -0.218816, 0, -0.218816, 0.285862, 0.932954, 0, 0.932954, -0.218816, 0.285862, 0, 0, 572.229, 0, 1);animation-play-state:paused;animation-duration:4s;animation-delay:-1.68179s" ><rect x="-3.641454881479437" y="-4.726801002529294" width="7.282909762958874" height="9.453602005058588" fill="#d9dbee" style="transform:matrix(3.22656, 0, 0, 3.22656, 0, 0);animation-play-state:paused" ></rect></g></g>
<g transform="translate(507.8561523621954 0)" style="transform:matrix(1, 0, 0, 1, 507.856, 0);animation-play-state:paused" ><g class="ld ld-fall" style="transform:matrix3d(0.974203, 0.171953, -0.146155, 0, -0.146155, 0.974203, 0.171953, 0, 0.171953, -0.146155, 0.974203, 0, 0, 473.819, 0, 1);animation-play-state:paused;animation-duration:4s;animation-delay:-1.39256s" ><rect x="-5.5206192209881495" y="-4.119393918719032" width="11.041238441976299" height="8.238787837438064" fill="#b3b7e2" style="transform:matrix(3.38765, 0, 0, 3.38765, 0, 0);animation-play-state:paused" ></rect></g></g>
<g transform="translate(1481.1846547145944 0)" style="transform:matrix(1, 0, 0, 1, 1481.18, 0);animation-play-state:paused" ><g class="ld ld-fall" style="transform:matrix3d(0.657825, 0.675431, -0.333256, 0, -0.333256, 0.657825, 0.675431, 0, 0.675431, -0.333256, 0.657825, 0, 0, 76.7121, 0, 1);animation-play-state:paused;animation-duration:4s;animation-delay:-0.225458s" ><rect x="-3.649816065898916" y="-3.6966615105023806" width="7.299632131797832" height="7.393323021004761" fill="#3b4368" style="transform:matrix(2.55441, 0, 0, 2.55441, 0, 0);animation-play-state:paused" ></rect></g></g>
<g transform="translate(2362.5971866209184 0)" style="transform:matrix(1, 0, 0, 1, 2362.6, 0);animation-play-state:paused" ><g class="ld ld-fall" style="transform:matrix3d(-0.306804, 0.492152, 0.814652, 0, 0.814652, -0.306804, 0.492152, 0, 0.492152, 0.814652, -0.306804, 0, 0, 1154.6, 0, 1);animation-play-state:paused;animation-duration:4s;animation-delay:-3.3934s" ><rect x="-4.156713734682968" y="-4.176601779430824" width="8.313427469365935" height="8.353203558861647" fill="#689cc5" style="transform:matrix(3.37081, 0, 0, 3.37081, 0, 0);animation-play-state:paused" ></rect></g></g>
<g transform="translate(201.8306442561368 0)" style="transform:matrix(1, 0, 0, 1, 201.831, 0);animation-play-state:paused" ><g class="ld ld-fall" style="transform:matrix3d(-0.326007, 0.748361, 0.577646, 0, 0.577646, -0.326007, 0.748361, 0, 0.748361, 0.577646, -0.326007, 0, 0, 216.119, 0, 1);animation-play-state:paused;animation-duration:4s;animation-delay:-0.635178s" ><rect x="-5.5415618721399245" y="-4.169184703071578" width="11.083123744279849" height="8.338369406143157" fill="#191d3a" style="transform:matrix(3.41412, 0, 0, 3.41412, 0, 0);animation-play-state:paused" ></rect></g></g>
<g transform="translate(1832.8975587820253 0)" style="transform:matrix(1, 0, 0, 1, 1832.9, 0);animation-play-state:paused" ><g class="ld ld-fall" style="transform:matrix3d(0.44496, 0.846719, -0.291679, 0, -0.291679, 0.44496, 0.846719, 0, 0.846719, -0.291679, 0.44496, 0, 0, 1008.6, 0, 1);animation-play-state:paused;animation-duration:2s;animation-delay:-1.48215s" ><rect x="-5.499351865794914" y="-3.1528822933924907" width="10.998703731589828" height="6.305764586784981" fill="#5e6fa3" style="transform:matrix(2.95628, 0, 0, 2.95628, 0, 0);animation-play-state:paused" ></rect></g></g>
<g transform="translate(206.2390746473119 0)" style="transform:matrix(1, 0, 0, 1, 206.239, 0);animation-play-state:paused" ><g class="ld ld-fall" style="transform:matrix3d(0.918172, -0.236225, 0.318053, 0, 0.318053, 0.918172, -0.236225, 0, -0.236225, 0.318053, 0.918172, 0, 0, 871.183, 0, 1);animation-play-state:paused;animation-duration:2s;animation-delay:-1.28021s" ><rect x="-3.969373171005611" y="-4.251115912859075" width="7.938746342011222" height="8.50223182571815" fill="#689cc5" style="transform:matrix(2.63123, 0, 0, 2.63123, 0, 0);animation-play-state:paused" ></rect></g></g>
<g transform="translate(1006.3580623323935 0)" style="transform:matrix(1, 0, 0, 1, 1006.36, 0);animation-play-state:paused" ><g class="ld ld-fall" style="transform:matrix3d(0.193564, 0.967737, -0.161301, 0, -0.161301, 0.193564, 0.967737, 0, 0.967737, -0.161301, 0.193564, 0, 0, 128.668, 0, 1);animation-play-state:paused;animation-duration:2s;animation-delay:-0.189078s" ><rect x="-4.702220980041834" y="-4.170482331040889" width="9.404441960083668" height="8.340964662081777" fill="#93dbe9" style="transform:matrix(1.53902, 0, 0, 1.53902, 0, 0);animation-play-state:paused" ></rect></g></g>
<g transform="translate(1524.697243628636 0)" style="transform:matrix(1, 0, 0, 1, 1524.7, 0);animation-play-state:paused" ><g class="ld ld-fall" style="transform:matrix3d(-0.331553, 0.707946, 0.623607, 0, 0.623607, -0.331553, 0.707946, 0, 0.707946, 0.623607, -0.331553, 0, 0, 1128.89, 0, 1);animation-play-state:paused;animation-duration:2s;animation-delay:-1.65891s" ><rect x="-5.395763440354369" y="-5.461295961337551" width="10.791526880708737" height="10.922591922675101" fill="#3b4368" style="transform:matrix(2.03607, 0, 0, 2.03607, 0, 0);animation-play-state:paused" ></rect></g></g>
<g transform="translate(1589.317593392974 0)" style="transform:matrix(1, 0, 0, 1, 1589.32, 0);animation-play-state:paused" ><g class="ld ld-fall" style="transform:matrix3d(-0.153794, 0.182735, 0.971059, 0, 0.971059, -0.153794, 0.182735, 0, 0.182735, 0.971059, -0.153794, 0, 0, 281.091, 0, 1);animation-play-state:paused;animation-duration:2s;animation-delay:-0.413066s" ><rect x="-4.256184046702346" y="-4.634513581125205" width="8.512368093404692" height="9.26902716225041" fill="#689cc5" style="transform:matrix(1.83582, 0, 0, 1.83582, 0, 0);animation-play-state:paused" ></rect></g></g>
<g transform="translate(231.3413073620336 0)" style="transform:matrix(1, 0, 0, 1, 231.341, 0);animation-play-state:paused" ><g class="ld ld-fall" style="transform:matrix3d(0.957729, 0.223448, -0.181178, 0, -0.181178, 0.957729, 0.223448, 0, 0.223448, -0.181178, 0.957729, 0, 0, 933.183, 0, 1);animation-play-state:paused;animation-duration:2s;animation-delay:-1.37132s" ><rect x="-4.73056771007921" y="-3.7420346044471127" width="9.46113542015842" height="7.484069208894225" fill="#93dbe9" style="transform:matrix(2.18921, 0, 0, 2.18921, 0, 0);animation-play-state:paused" ></rect></g></g>
<g transform="translate(1144.5291336091345 0)" style="transform:matrix(1, 0, 0, 1, 1144.53, 0);animation-play-state:paused" ><g class="ld ld-fall" style="transform:matrix3d(0.435678, 0.852667, -0.288345, 0, -0.288345, 0.435678, 0.852667, 0, 0.852667, -0.288345, 0.435678, 0, 0, 555.955, 0, 1);animation-play-state:paused;animation-duration:4s;animation-delay:-1.63396s" ><rect x="-3.7722716391002713" y="-3.3773602517989447" width="7.544543278200543" height="6.7547205035978894" fill="#5e6fa3" style="transform:matrix(2.91472, 0, 0, 2.91472, 0, 0);animation-play-state:paused" ></rect></g></g>
<g transform="translate(471.13982992979004 0)" style="transform:matrix(1, 0, 0, 1, 471.14, 0);animation-play-state:paused" ><g class="ld ld-fall" style="transform:matrix3d(0.995462, 0.0695166, -0.0649789, 0, -0.0649789, 0.995462, 0.0695166, 0, 0.0695166, -0.0649789, 0.995462, 0, 0, 915.762, 0, 1);animation-play-state:paused;animation-duration:2s;animation-delay:-3.34572s" ><rect x="-3.653883148527136" y="-3.7188022881085123" width="7.307766297054272" height="7.437604576217025" fill="#d9dbee" style="transform:matrix(3.37707, 0, 0, 3.37707, 0, 0);animation-play-state:paused" ></rect></g></g>
<g transform="translate(814.9309392506694 0)" style="transform:matrix(1, 0, 0, 1, 814.931, 0);animation-play-state:paused" ><g class="ld ld-fall" style="transform:matrix3d(0.40331, 0.872506, -0.275816, 0, -0.275816, 0.40331, 0.872506, 0, 0.872506, -0.275816, 0.40331, 0, 0, 105.824, 0, 1);animation-play-state:paused;animation-duration:4s;animation-delay:-0.311018s" ><rect x="-5.135569355613165" y="-3.030881493009216" width="10.27113871122633" height="6.061762986018432" fill="#689cc5" style="transform:matrix(2.56088, 0, 0, 2.56088, 0, 0);animation-play-state:paused" ></rect></g></g>
<g transform="translate(242.10803604459386 0)" style="transform:matrix(1, 0, 0, 1, 242.108, 0);animation-play-state:paused" ><g class="ld ld-fall" style="transform:matrix3d(0.353252, 0.900466, -0.253719, 0, -0.253719, 0.353252, 0.900466, 0, 0.900466, -0.253719, 0.353252, 0, 0, 111.259, 0, 1);animation-play-state:paused;animation-duration:4s;animation-delay:-0.326992s" ><rect x="-3.593448934248726" y="-3.3977656175899327" width="7.186897868497452" height="6.795531235179865" fill="#b3b7e2" style="transform:matrix(2.58496, 0, 0, 2.58496, 0, 0);animation-play-state:paused" ></rect></g></g>
<g transform="translate(2239.752739395806 0)" style="transform:matrix(1, 0, 0, 1, 2239.75, 0);animation-play-state:paused" ><g class="ld ld-fall" style="transform:matrix3d(0.714697, 0.616207, -0.330904, 0, -0.330904, 0.714697, 0.616207, 0, 0.616207, -0.330904, 0.714697, 0, 0, 69.445, 0, 1);animation-play-state:paused;animation-duration:2s;animation-delay:-2.10205s" ><rect x="-5.048312383627605" y="-5.09411247332017" width="10.09662476725521" height="10.18822494664034" fill="#93dbe9" style="transform:matrix(1.58674, 0, 0, 1.58674, 0, 0);animation-play-state:paused" ></rect></g></g></g></g></svg>